/*
// Part of SAASound copyright 1998-2000 dave hooper <no-brain@mindless.com>
//
// Precalculated oscillator frequency period steps
//
// Version 3.00.0 (23 March 2000)
// (c) 1998-2000 dave @ spc       <no-brain@mindless.com>
//
//////////////////////////////////////////////////////////////////////
*/
 7828 ,  7843 ,  7859 ,  7874 ,  7890 ,  7905 ,  7921 ,  7937 ,  7952 ,  7968 ,  7984 ,  8000 ,  8016 ,  8032 ,  8048 ,  8065 , 
 8081 ,  8097 ,  8114 ,  8130 ,  8147 ,  8163 ,  8180 ,  8197 ,  8214 ,  8230 ,  8247 ,  8264 ,  8282 ,  8299 ,  8316 ,  8333 , 
 8351 ,  8368 ,  8386 ,  8403 ,  8421 ,  8439 ,  8457 ,  8475 ,  8493 ,  8511 ,  8529 ,  8547 ,  8565 ,  8584 ,  8602 ,  8621 , 
 8639 ,  8658 ,  8677 ,  8696 ,  8715 ,  8734 ,  8753 ,  8772 ,  8791 ,  8811 ,  8830 ,  8850 ,  8869 ,  8889 ,  8909 ,  8929 , 
 8949 ,  8969 ,  8989 ,  9009 ,  9029 ,  9050 ,  9070 ,  9091 ,  9112 ,  9132 ,  9153 ,  9174 ,  9195 ,  9217 ,  9238 ,  9259 , 
 9281 ,  9302 ,  9324 ,  9346 ,  9368 ,  9390 ,  9412 ,  9434 ,  9456 ,  9479 ,  9501 ,  9524 ,  9547 ,  9569 ,  9592 ,  9615 , 
 9639 ,  9662 ,  9685 ,  9709 ,  9732 ,  9756 ,  9780 ,  9804 ,  9828 ,  9852 ,  9877 ,  9901 ,  9926 ,  9950 ,  9975 ,  10000 , 
 10025 ,  10050 ,  10076 ,  10101 ,  10127 ,  10152 ,  10178 ,  10204 ,  10230 ,  10256 ,  10283 ,  10309 ,  10336 ,  10363 ,  10390 ,  10417 , 
 10444 ,  10471 ,  10499 ,  10526 ,  10554 ,  10582 ,  10610 ,  10638 ,  10667 ,  10695 ,  10724 ,  10753 ,  10782 ,  10811 ,  10840 ,  10870 , 
 10899 ,  10929 ,  10959 ,  10989 ,  11019 ,  11050 ,  11080 ,  11111 ,  11142 ,  11173 ,  11204 ,  11236 ,  11268 ,  11299 ,  11331 ,  11364 , 
 11396 ,  11429 ,  11461 ,  11494 ,  11527 ,  11561 ,  11594 ,  11628 ,  11662 ,  11696 ,  11730 ,  11765 ,  11799 ,  11834 ,  11869 ,  11905 , 
 11940 ,  11976 ,  12012 ,  12048 ,  12085 ,  12121 ,  12158 ,  12195 ,  12232 ,  12270 ,  12308 ,  12346 ,  12384 ,  12422 ,  12461 ,  12500 , 
 12539 ,  12579 ,  12618 ,  12658 ,  12698 ,  12739 ,  12780 ,  12821 ,  12862 ,  12903 ,  12945 ,  12987 ,  13029 ,  13072 ,  13115 ,  13158 , 
 13201 ,  13245 ,  13289 ,  13333 ,  13378 ,  13423 ,  13468 ,  13514 ,  13559 ,  13605 ,  13652 ,  13699 ,  13746 ,  13793 ,  13841 ,  13889 , 
 13937 ,  13986 ,  14035 ,  14085 ,  14134 ,  14184 ,  14235 ,  14286 ,  14337 ,  14388 ,  14440 ,  14493 ,  14545 ,  14599 ,  14652 ,  14706 , 
 14760 ,  14815 ,  14870 ,  14925 ,  14981 ,  15038 ,  15094 ,  15152 ,  15209 ,  15267 ,  15326 ,  15385 ,  15444 ,  15504 ,  15564 ,  15625 , 
 15656 ,  15686 ,  15717 ,  15748 ,  15779 ,  15810 ,  15842 ,  15873 ,  15905 ,  15936 ,  15968 ,  16000 ,  16032 ,  16064 ,  16097 ,  16129 , 
 16162 ,  16194 ,  16227 ,  16260 ,  16293 ,  16327 ,  16360 ,  16393 ,  16427 ,  16461 ,  16495 ,  16529 ,  16563 ,  16598 ,  16632 ,  16667 , 
 16701 ,  16736 ,  16771 ,  16807 ,  16842 ,  16878 ,  16913 ,  16949 ,  16985 ,  17021 ,  17058 ,  17094 ,  17131 ,  17167 ,  17204 ,  17241 , 
 17279 ,  17316 ,  17354 ,  17391 ,  17429 ,  17467 ,  17505 ,  17544 ,  17582 ,  17621 ,  17660 ,  17699 ,  17738 ,  17778 ,  17817 ,  17857 , 
 17897 ,  17937 ,  17978 ,  18018 ,  18059 ,  18100 ,  18141 ,  18182 ,  18223 ,  18265 ,  18307 ,  18349 ,  18391 ,  18433 ,  18476 ,  18519 , 
 18561 ,  18605 ,  18648 ,  18692 ,  18735 ,  18779 ,  18824 ,  18868 ,  18913 ,  18957 ,  19002 ,  19048 ,  19093 ,  19139 ,  19185 ,  19231 , 
 19277 ,  19324 ,  19370 ,  19417 ,  19465 ,  19512 ,  19560 ,  19608 ,  19656 ,  19704 ,  19753 ,  19802 ,  19851 ,  19900 ,  19950 ,  20000 , 
 20050 ,  20101 ,  20151 ,  20202 ,  20253 ,  20305 ,  20356 ,  20408 ,  20460 ,  20513 ,  20566 ,  20619 ,  20672 ,  20725 ,  20779 ,  20833 , 
 20888 ,  20942 ,  20997 ,  21053 ,  21108 ,  21164 ,  21220 ,  21277 ,  21333 ,  21390 ,  21448 ,  21505 ,  21563 ,  21622 ,  21680 ,  21739 , 
 21798 ,  21858 ,  21918 ,  21978 ,  22039 ,  22099 ,  22161 ,  22222 ,  22284 ,  22346 ,  22409 ,  22472 ,  22535 ,  22599 ,  22663 ,  22727 , 
 22792 ,  22857 ,  22923 ,  22989 ,  23055 ,  23121 ,  23188 ,  23256 ,  23324 ,  23392 ,  23460 ,  23529 ,  23599 ,  23669 ,  23739 ,  23810 , 
 23881 ,  23952 ,  24024 ,  24096 ,  24169 ,  24242 ,  24316 ,  24390 ,  24465 ,  24540 ,  24615 ,  24691 ,  24768 ,  24845 ,  24922 ,  25000 , 
 25078 ,  25157 ,  25237 ,  25316 ,  25397 ,  25478 ,  25559 ,  25641 ,  25723 ,  25806 ,  25890 ,  25974 ,  26059 ,  26144 ,  26230 ,  26316 , 
 26403 ,  26490 ,  26578 ,  26667 ,  26756 ,  26846 ,  26936 ,  27027 ,  27119 ,  27211 ,  27304 ,  27397 ,  27491 ,  27586 ,  27682 ,  27778 , 
 27875 ,  27972 ,  28070 ,  28169 ,  28269 ,  28369 ,  28470 ,  28571 ,  28674 ,  28777 ,  28881 ,  28986 ,  29091 ,  29197 ,  29304 ,  29412 , 
 29520 ,  29630 ,  29740 ,  29851 ,  29963 ,  30075 ,  30189 ,  30303 ,  30418 ,  30534 ,  30651 ,  30769 ,  30888 ,  31008 ,  31128 ,  31250 , 
 31311 ,  31373 ,  31434 ,  31496 ,  31558 ,  31621 ,  31683 ,  31746 ,  31809 ,  31873 ,  31936 ,  32000 ,  32064 ,  32129 ,  32193 ,  32258 , 
 32323 ,  32389 ,  32454 ,  32520 ,  32587 ,  32653 ,  32720 ,  32787 ,  32854 ,  32922 ,  32990 ,  33058 ,  33126 ,  33195 ,  33264 ,  33333 , 
 33403 ,  33473 ,  33543 ,  33613 ,  33684 ,  33755 ,  33827 ,  33898 ,  33970 ,  34043 ,  34115 ,  34188 ,  34261 ,  34335 ,  34409 ,  34483 , 
 34557 ,  34632 ,  34707 ,  34783 ,  34858 ,  34934 ,  35011 ,  35088 ,  35165 ,  35242 ,  35320 ,  35398 ,  35477 ,  35556 ,  35635 ,  35714 , 
 35794 ,  35874 ,  35955 ,  36036 ,  36117 ,  36199 ,  36281 ,  36364 ,  36446 ,  36530 ,  36613 ,  36697 ,  36782 ,  36866 ,  36952 ,  37037 , 
 37123 ,  37209 ,  37296 ,  37383 ,  37471 ,  37559 ,  37647 ,  37736 ,  37825 ,  37915 ,  38005 ,  38095 ,  38186 ,  38278 ,  38369 ,  38462 , 
 38554 ,  38647 ,  38741 ,  38835 ,  38929 ,  39024 ,  39120 ,  39216 ,  39312 ,  39409 ,  39506 ,  39604 ,  39702 ,  39801 ,  39900 ,  40000 , 
 40100 ,  40201 ,  40302 ,  40404 ,  40506 ,  40609 ,  40712 ,  40816 ,  40921 ,  41026 ,  41131 ,  41237 ,  41344 ,  41451 ,  41558 ,  41667 , 
 41775 ,  41885 ,  41995 ,  42105 ,  42216 ,  42328 ,  42440 ,  42553 ,  42667 ,  42781 ,  42895 ,  43011 ,  43127 ,  43243 ,  43360 ,  43478 , 
 43597 ,  43716 ,  43836 ,  43956 ,  44077 ,  44199 ,  44321 ,  44444 ,  44568 ,  44693 ,  44818 ,  44944 ,  45070 ,  45198 ,  45326 ,  45455 , 
 45584 ,  45714 ,  45845 ,  45977 ,  46110 ,  46243 ,  46377 ,  46512 ,  46647 ,  46784 ,  46921 ,  47059 ,  47198 ,  47337 ,  47478 ,  47619 , 
 47761 ,  47904 ,  48048 ,  48193 ,  48338 ,  48485 ,  48632 ,  48780 ,  48930 ,  49080 ,  49231 ,  49383 ,  49536 ,  49689 ,  49844 ,  50000 , 
 50157 ,  50314 ,  50473 ,  50633 ,  50794 ,  50955 ,  51118 ,  51282 ,  51447 ,  51613 ,  51780 ,  51948 ,  52117 ,  52288 ,  52459 ,  52632 , 
 52805 ,  52980 ,  53156 ,  53333 ,  53512 ,  53691 ,  53872 ,  54054 ,  54237 ,  54422 ,  54608 ,  54795 ,  54983 ,  55172 ,  55363 ,  55556 , 
 55749 ,  55944 ,  56140 ,  56338 ,  56537 ,  56738 ,  56940 ,  57143 ,  57348 ,  57554 ,  57762 ,  57971 ,  58182 ,  58394 ,  58608 ,  58824 , 
 59041 ,  59259 ,  59480 ,  59701 ,  59925 ,  60150 ,  60377 ,  60606 ,  60837 ,  61069 ,  61303 ,  61538 ,  61776 ,  62016 ,  62257 ,  62500 , 
 62622 ,  62745 ,  62868 ,  62992 ,  63116 ,  63241 ,  63366 ,  63492 ,  63618 ,  63745 ,  63872 ,  64000 ,  64128 ,  64257 ,  64386 ,  64516 , 
 64646 ,  64777 ,  64909 ,  65041 ,  65173 ,  65306 ,  65440 ,  65574 ,  65708 ,  65844 ,  65979 ,  66116 ,  66253 ,  66390 ,  66528 ,  66667 , 
 66806 ,  66946 ,  67086 ,  67227 ,  67368 ,  67511 ,  67653 ,  67797 ,  67941 ,  68085 ,  68230 ,  68376 ,  68522 ,  68670 ,  68817 ,  68966 , 
 69114 ,  69264 ,  69414 ,  69565 ,  69717 ,  69869 ,  70022 ,  70175 ,  70330 ,  70485 ,  70640 ,  70796 ,  70953 ,  71111 ,  71269 ,  71429 , 
 71588 ,  71749 ,  71910 ,  72072 ,  72235 ,  72398 ,  72562 ,  72727 ,  72893 ,  73059 ,  73227 ,  73394 ,  73563 ,  73733 ,  73903 ,  74074 , 
 74246 ,  74419 ,  74592 ,  74766 ,  74941 ,  75117 ,  75294 ,  75472 ,  75650 ,  75829 ,  76010 ,  76190 ,  76372 ,  76555 ,  76739 ,  76923 , 
 77108 ,  77295 ,  77482 ,  77670 ,  77859 ,  78049 ,  78240 ,  78431 ,  78624 ,  78818 ,  79012 ,  79208 ,  79404 ,  79602 ,  79800 ,  80000 , 
 80201 ,  80402 ,  80605 ,  80808 ,  81013 ,  81218 ,  81425 ,  81633 ,  81841 ,  82051 ,  82262 ,  82474 ,  82687 ,  82902 ,  83117 ,  83333 , 
 83551 ,  83770 ,  83990 ,  84211 ,  84433 ,  84656 ,  84881 ,  85106 ,  85333 ,  85561 ,  85791 ,  86022 ,  86253 ,  86486 ,  86721 ,  86957 , 
 87193 ,  87432 ,  87671 ,  87912 ,  88154 ,  88398 ,  88643 ,  88889 ,  89136 ,  89385 ,  89636 ,  89888 ,  90141 ,  90395 ,  90652 ,  90909 , 
 91168 ,  91429 ,  91691 ,  91954 ,  92219 ,  92486 ,  92754 ,  93023 ,  93294 ,  93567 ,  93842 ,  94118 ,  94395 ,  94675 ,  94955 ,  95238 , 
 95522 ,  95808 ,  96096 ,  96386 ,  96677 ,  96970 ,  97264 ,  97561 ,  97859 ,  98160 ,  98462 ,  98765 ,  99071 ,  99379 ,  99688 ,  100000 , 
 100313 ,  100629 ,  100946 ,  101266 ,  101587 ,  101911 ,  102236 ,  102564 ,  102894 ,  103226 ,  103560 ,  103896 ,  104235 ,  104575 ,  104918 ,  105263 , 
 105611 ,  105960 ,  106312 ,  106667 ,  107023 ,  107383 ,  107744 ,  108108 ,  108475 ,  108844 ,  109215 ,  109589 ,  109966 ,  110345 ,  110727 ,  111111 , 
 111498 ,  111888 ,  112281 ,  112676 ,  113074 ,  113475 ,  113879 ,  114286 ,  114695 ,  115108 ,  115523 ,  115942 ,  116364 ,  116788 ,  117216 ,  117647 , 
 118081 ,  118519 ,  118959 ,  119403 ,  119850 ,  120301 ,  120755 ,  121212 ,  121673 ,  122137 ,  122605 ,  123077 ,  123552 ,  124031 ,  124514 ,  125000 , 
 125245 ,  125490 ,  125737 ,  125984 ,  126233 ,  126482 ,  126733 ,  126984 ,  127237 ,  127490 ,  127745 ,  128000 ,  128257 ,  128514 ,  128773 ,  129032 , 
 129293 ,  129555 ,  129817 ,  130081 ,  130346 ,  130612 ,  130879 ,  131148 ,  131417 ,  131687 ,  131959 ,  132231 ,  132505 ,  132780 ,  133056 ,  133333 , 
 133612 ,  133891 ,  134172 ,  134454 ,  134737 ,  135021 ,  135307 ,  135593 ,  135881 ,  136170 ,  136461 ,  136752 ,  137045 ,  137339 ,  137634 ,  137931 , 
 138229 ,  138528 ,  138829 ,  139130 ,  139434 ,  139738 ,  140044 ,  140351 ,  140659 ,  140969 ,  141280 ,  141593 ,  141907 ,  142222 ,  142539 ,  142857 , 
 143177 ,  143498 ,  143820 ,  144144 ,  144470 ,  144796 ,  145125 ,  145455 ,  145786 ,  146119 ,  146453 ,  146789 ,  147126 ,  147465 ,  147806 ,  148148 , 
 148492 ,  148837 ,  149184 ,  149533 ,  149883 ,  150235 ,  150588 ,  150943 ,  151300 ,  151659 ,  152019 ,  152381 ,  152745 ,  153110 ,  153477 ,  153846 , 
 154217 ,  154589 ,  154964 ,  155340 ,  155718 ,  156098 ,  156479 ,  156863 ,  157248 ,  157635 ,  158025 ,  158416 ,  158809 ,  159204 ,  159601 ,  160000 , 
 160401 ,  160804 ,  161209 ,  161616 ,  162025 ,  162437 ,  162850 ,  163265 ,  163683 ,  164103 ,  164524 ,  164948 ,  165375 ,  165803 ,  166234 ,  166667 , 
 167102 ,  167539 ,  167979 ,  168421 ,  168865 ,  169312 ,  169761 ,  170213 ,  170667 ,  171123 ,  171582 ,  172043 ,  172507 ,  172973 ,  173442 ,  173913 , 
 174387 ,  174863 ,  175342 ,  175824 ,  176309 ,  176796 ,  177285 ,  177778 ,  178273 ,  178771 ,  179272 ,  179775 ,  180282 ,  180791 ,  181303 ,  181818 , 
 182336 ,  182857 ,  183381 ,  183908 ,  184438 ,  184971 ,  185507 ,  186047 ,  186589 ,  187135 ,  187683 ,  188235 ,  188791 ,  189349 ,  189911 ,  190476 , 
 191045 ,  191617 ,  192192 ,  192771 ,  193353 ,  193939 ,  194529 ,  195122 ,  195719 ,  196319 ,  196923 ,  197531 ,  198142 ,  198758 ,  199377 ,  200000 , 
 200627 ,  201258 ,  201893 ,  202532 ,  203175 ,  203822 ,  204473 ,  205128 ,  205788 ,  206452 ,  207120 ,  207792 ,  208469 ,  209150 ,  209836 ,  210526 , 
 211221 ,  211921 ,  212625 ,  213333 ,  214047 ,  214765 ,  215488 ,  216216 ,  216949 ,  217687 ,  218430 ,  219178 ,  219931 ,  220690 ,  221453 ,  222222 , 
 222997 ,  223776 ,  224561 ,  225352 ,  226148 ,  226950 ,  227758 ,  228571 ,  229391 ,  230216 ,  231047 ,  231884 ,  232727 ,  233577 ,  234432 ,  235294 , 
 236162 ,  237037 ,  237918 ,  238806 ,  239700 ,  240602 ,  241509 ,  242424 ,  243346 ,  244275 ,  245211 ,  246154 ,  247104 ,  248062 ,  249027 ,  250000 , 
 250489 ,  250980 ,  251473 ,  251969 ,  252465 ,  252964 ,  253465 ,  253968 ,  254473 ,  254980 ,  255489 ,  256000 ,  256513 ,  257028 ,  257545 ,  258065 , 
 258586 ,  259109 ,  259635 ,  260163 ,  260692 ,  261224 ,  261759 ,  262295 ,  262834 ,  263374 ,  263918 ,  264463 ,  265010 ,  265560 ,  266112 ,  266667 , 
 267223 ,  267782 ,  268344 ,  268908 ,  269474 ,  270042 ,  270613 ,  271186 ,  271762 ,  272340 ,  272921 ,  273504 ,  274090 ,  274678 ,  275269 ,  275862 , 
 276458 ,  277056 ,  277657 ,  278261 ,  278867 ,  279476 ,  280088 ,  280702 ,  281319 ,  281938 ,  282561 ,  283186 ,  283814 ,  284444 ,  285078 ,  285714 , 
 286353 ,  286996 ,  287640 ,  288288 ,  288939 ,  289593 ,  290249 ,  290909 ,  291572 ,  292237 ,  292906 ,  293578 ,  294253 ,  294931 ,  295612 ,  296296 , 
 296984 ,  297674 ,  298368 ,  299065 ,  299766 ,  300469 ,  301176 ,  301887 ,  302600 ,  303318 ,  304038 ,  304762 ,  305489 ,  306220 ,  306954 ,  307692 , 
 308434 ,  309179 ,  309927 ,  310680 ,  311436 ,  312195 ,  312958 ,  313725 ,  314496 ,  315271 ,  316049 ,  316832 ,  317618 ,  318408 ,  319202 ,  320000 , 
 320802 ,  321608 ,  322418 ,  323232 ,  324051 ,  324873 ,  325700 ,  326531 ,  327366 ,  328205 ,  329049 ,  329897 ,  330749 ,  331606 ,  332468 ,  333333 , 
 334204 ,  335079 ,  335958 ,  336842 ,  337731 ,  338624 ,  339523 ,  340426 ,  341333 ,  342246 ,  343164 ,  344086 ,  345013 ,  345946 ,  346883 ,  347826 , 
 348774 ,  349727 ,  350685 ,  351648 ,  352617 ,  353591 ,  354571 ,  355556 ,  356546 ,  357542 ,  358543 ,  359551 ,  360563 ,  361582 ,  362606 ,  363636 , 
 364672 ,  365714 ,  366762 ,  367816 ,  368876 ,  369942 ,  371014 ,  372093 ,  373178 ,  374269 ,  375367 ,  376471 ,  377581 ,  378698 ,  379822 ,  380952 , 
 382090 ,  383234 ,  384384 ,  385542 ,  386707 ,  387879 ,  389058 ,  390244 ,  391437 ,  392638 ,  393846 ,  395062 ,  396285 ,  397516 ,  398754 ,  400000 , 
 401254 ,  402516 ,  403785 ,  405063 ,  406349 ,  407643 ,  408946 ,  410256 ,  411576 ,  412903 ,  414239 ,  415584 ,  416938 ,  418301 ,  419672 ,  421053 , 
 422442 ,  423841 ,  425249 ,  426667 ,  428094 ,  429530 ,  430976 ,  432432 ,  433898 ,  435374 ,  436860 ,  438356 ,  439863 ,  441379 ,  442907 ,  444444 , 
 445993 ,  447552 ,  449123 ,  450704 ,  452297 ,  453901 ,  455516 ,  457143 ,  458781 ,  460432 ,  462094 ,  463768 ,  465455 ,  467153 ,  468864 ,  470588 , 
 472325 ,  474074 ,  475836 ,  477612 ,  479401 ,  481203 ,  483019 ,  484848 ,  486692 ,  488550 ,  490421 ,  492308 ,  494208 ,  496124 ,  498054 ,  500000 , 
 500978 ,  501961 ,  502947 ,  503937 ,  504931 ,  505929 ,  506931 ,  507937 ,  508946 ,  509960 ,  510978 ,  512000 ,  513026 ,  514056 ,  515091 ,  516129 , 
 517172 ,  518219 ,  519270 ,  520325 ,  521385 ,  522449 ,  523517 ,  524590 ,  525667 ,  526749 ,  527835 ,  528926 ,  530021 ,  531120 ,  532225 ,  533333 , 
 534447 ,  535565 ,  536688 ,  537815 ,  538947 ,  540084 ,  541226 ,  542373 ,  543524 ,  544681 ,  545842 ,  547009 ,  548180 ,  549356 ,  550538 ,  551724 , 
 552916 ,  554113 ,  555315 ,  556522 ,  557734 ,  558952 ,  560175 ,  561404 ,  562637 ,  563877 ,  565121 ,  566372 ,  567627 ,  568889 ,  570156 ,  571429 , 
 572707 ,  573991 ,  575281 ,  576577 ,  577878 ,  579186 ,  580499 ,  581818 ,  583144 ,  584475 ,  585812 ,  587156 ,  588506 ,  589862 ,  591224 ,  592593 , 
 593968 ,  595349 ,  596737 ,  598131 ,  599532 ,  600939 ,  602353 ,  603774 ,  605201 ,  606635 ,  608076 ,  609524 ,  610979 ,  612440 ,  613909 ,  615385 , 
 616867 ,  618357 ,  619855 ,  621359 ,  622871 ,  624390 ,  625917 ,  627451 ,  628993 ,  630542 ,  632099 ,  633663 ,  635236 ,  636816 ,  638404 ,  640000 , 
 641604 ,  643216 ,  644836 ,  646465 ,  648101 ,  649746 ,  651399 ,  653061 ,  654731 ,  656410 ,  658098 ,  659794 ,  661499 ,  663212 ,  664935 ,  666667 , 
 668407 ,  670157 ,  671916 ,  673684 ,  675462 ,  677249 ,  679045 ,  680851 ,  682667 ,  684492 ,  686327 ,  688172 ,  690027 ,  691892 ,  693767 ,  695652 , 
 697548 ,  699454 ,  701370 ,  703297 ,  705234 ,  707182 ,  709141 ,  711111 ,  713092 ,  715084 ,  717087 ,  719101 ,  721127 ,  723164 ,  725212 ,  727273 , 
 729345 ,  731429 ,  733524 ,  735632 ,  737752 ,  739884 ,  742029 ,  744186 ,  746356 ,  748538 ,  750733 ,  752941 ,  755162 ,  757396 ,  759644 ,  761905 , 
 764179 ,  766467 ,  768769 ,  771084 ,  773414 ,  775758 ,  778116 ,  780488 ,  782875 ,  785276 ,  787692 ,  790123 ,  792570 ,  795031 ,  797508 ,  800000 , 
 802508 ,  805031 ,  807571 ,  810127 ,  812698 ,  815287 ,  817891 ,  820513 ,  823151 ,  825806 ,  828479 ,  831169 ,  833876 ,  836601 ,  839344 ,  842105 , 
 844884 ,  847682 ,  850498 ,  853333 ,  856187 ,  859060 ,  861953 ,  864865 ,  867797 ,  870748 ,  873720 ,  876712 ,  879725 ,  882759 ,  885813 ,  888889 , 
 891986 ,  895105 ,  898246 ,  901408 ,  904594 ,  907801 ,  911032 ,  914286 ,  917563 ,  920863 ,  924188 ,  927536 ,  930909 ,  934307 ,  937729 ,  941176 , 
 944649 ,  948148 ,  951673 ,  955224 ,  958801 ,  962406 ,  966038 ,  969697 ,  973384 ,  977099 ,  980843 ,  984615 ,  988417 ,  992248 ,  996109 ,  1000000 , 
 1001957 ,  1003922 ,  1005894 ,  1007874 ,  1009862 ,  1011858 ,  1013861 ,  1015873 ,  1017893 ,  1019920 ,  1021956 ,  1024000 ,  1026052 ,  1028112 ,  1030181 ,  1032258 , 
 1034343 ,  1036437 ,  1038540 ,  1040650 ,  1042770 ,  1044898 ,  1047035 ,  1049180 ,  1051335 ,  1053498 ,  1055670 ,  1057851 ,  1060041 ,  1062241 ,  1064449 ,  1066667 , 
 1068894 ,  1071130 ,  1073375 ,  1075630 ,  1077895 ,  1080169 ,  1082452 ,  1084746 ,  1087049 ,  1089362 ,  1091684 ,  1094017 ,  1096360 ,  1098712 ,  1101075 ,  1103448 , 
 1105832 ,  1108225 ,  1110629 ,  1113043 ,  1115468 ,  1117904 ,  1120350 ,  1122807 ,  1125275 ,  1127753 ,  1130243 ,  1132743 ,  1135255 ,  1137778 ,  1140312 ,  1142857 , 
 1145414 ,  1147982 ,  1150562 ,  1153153 ,  1155756 ,  1158371 ,  1160998 ,  1163636 ,  1166287 ,  1168950 ,  1171625 ,  1174312 ,  1177011 ,  1179724 ,  1182448 ,  1185185 , 
 1187935 ,  1190698 ,  1193473 ,  1196262 ,  1199063 ,  1201878 ,  1204706 ,  1207547 ,  1210402 ,  1213270 ,  1216152 ,  1219048 ,  1221957 ,  1224880 ,  1227818 ,  1230769 , 
 1233735 ,  1236715 ,  1239709 ,  1242718 ,  1245742 ,  1248780 ,  1251834 ,  1254902 ,  1257985 ,  1261084 ,  1264198 ,  1267327 ,  1270471 ,  1273632 ,  1276808 ,  1280000 , 
 1283208 ,  1286432 ,  1289673 ,  1292929 ,  1296203 ,  1299492 ,  1302799 ,  1306122 ,  1309463 ,  1312821 ,  1316195 ,  1319588 ,  1322997 ,  1326425 ,  1329870 ,  1333333 , 
 1336815 ,  1340314 ,  1343832 ,  1347368 ,  1350923 ,  1354497 ,  1358090 ,  1361702 ,  1365333 ,  1368984 ,  1372654 ,  1376344 ,  1380054 ,  1383784 ,  1387534 ,  1391304 , 
 1395095 ,  1398907 ,  1402740 ,  1406593 ,  1410468 ,  1414365 ,  1418283 ,  1422222 ,  1426184 ,  1430168 ,  1434174 ,  1438202 ,  1442254 ,  1446328 ,  1450425 ,  1454545 , 
 1458689 ,  1462857 ,  1467049 ,  1471264 ,  1475504 ,  1479769 ,  1484058 ,  1488372 ,  1492711 ,  1497076 ,  1501466 ,  1505882 ,  1510324 ,  1514793 ,  1519288 ,  1523810 , 
 1528358 ,  1532934 ,  1537538 ,  1542169 ,  1546828 ,  1551515 ,  1556231 ,  1560976 ,  1565749 ,  1570552 ,  1575385 ,  1580247 ,  1585139 ,  1590062 ,  1595016 ,  1600000 , 
 1605016 ,  1610063 ,  1615142 ,  1620253 ,  1625397 ,  1630573 ,  1635783 ,  1641026 ,  1646302 ,  1651613 ,  1656958 ,  1662338 ,  1667752 ,  1673203 ,  1678689 ,  1684211 , 
 1689769 ,  1695364 ,  1700997 ,  1706667 ,  1712375 ,  1718121 ,  1723906 ,  1729730 ,  1735593 ,  1741497 ,  1747440 ,  1753425 ,  1759450 ,  1765517 ,  1771626 ,  1777778 , 
 1783972 ,  1790210 ,  1796491 ,  1802817 ,  1809187 ,  1815603 ,  1822064 ,  1828571 ,  1835125 ,  1841727 ,  1848375 ,  1855072 ,  1861818 ,  1868613 ,  1875458 ,  1882353 , 
 1889299 ,  1896296 ,  1903346 ,  1910448 ,  1917603 ,  1924812 ,  1932075 ,  1939394 ,  1946768 ,  1954198 ,  1961686 ,  1969231 ,  1976834 ,  1984496 ,  1992218 ,  2000000
